        dNpi/dy       Tch[MeV]     dVdy[fm^3]       Vc[fm^3]         gammaS           K/pi          Xi/pi         phi/pi           p/pi       Omega/pi          La/pi
              3       0.173144            7.2          11.52       0.762394       0.106818     0.00144452      0.0177201      0.0812132    7.00733e-05      0.0252646
        3.20365       0.172973        7.68877         12.302       0.763213       0.109459     0.00154899      0.0176846       0.080858    7.84623e-05      0.0259553
        3.42113       0.172802        8.21072        13.1371       0.764084       0.112018     0.00165663      0.0176529      0.0805081    8.76091e-05       0.026619
        3.65337       0.172631         8.7681         14.029       0.765011       0.114483     0.00176692      0.0176253       0.080164    9.75314e-05      0.0272526
        3.90138       0.172461        9.36332        14.9813       0.765997       0.116845      0.0018793      0.0176022      0.0798262    0.000108238      0.0278537
        4.16623        0.17229        9.99894        15.9983       0.767045       0.119097     0.00199317      0.0175836      0.0794948    0.000119729      0.0284206
        4.44905       0.172119        10.6777        17.0844       0.768159       0.121235     0.00210792        0.01757      0.0791701    0.000131995       0.028952
        4.75107       0.171948        11.4026        18.2441       0.769342       0.123256     0.00222294      0.0175614      0.0788521    0.000145016      0.0294476
         5.0736       0.171777        12.1766        19.4826         0.7706       0.125161     0.00233766       0.017558      0.0785406    0.000158763      0.0299076
        5.41802       0.171607        13.0032        20.8052       0.771935       0.126953     0.00245151      0.0175599      0.0782355    0.000173198      0.0303329
        5.78582       0.171436         13.886        22.2175       0.773352       0.128636     0.00256402      0.0175672      0.0779364    0.000188275       0.030725
        6.17858       0.171265        14.8286        23.7258       0.774856       0.130217     0.00267475      0.0175799      0.0776429    0.000203942      0.0310857
        6.59801       0.171094        15.8352        25.3364       0.776451       0.131703     0.00278334      0.0175981      0.0773545     0.00022014      0.0314171
        7.04592       0.170924        16.9102        27.0563       0.778142       0.133103     0.00288951      0.0176219      0.0770708    0.000236808      0.0317218
        7.52423       0.170753        18.0581         28.893       0.779933       0.134425     0.00299306      0.0176513      0.0767912    0.000253883      0.0320021
        8.03501       0.170582         19.284        30.8544        0.78183       0.135678     0.00309386      0.0176863      0.0765153    0.000271302      0.0322606
        8.58046       0.170411        20.5931         32.949       0.783838       0.136872     0.00319183       0.017727      0.0762425    0.000289003      0.0324997
        9.16294       0.170241        21.9911        35.1857       0.785961       0.138013     0.00328698      0.0177735      0.0759723    0.000306929      0.0327218
        9.78496        0.17007        23.4839        37.5743       0.788206       0.139111     0.00337936      0.0178258      0.0757044    0.000325025      0.0329289
        10.4492       0.169899        25.0781         40.125       0.790577       0.140171     0.00346906      0.0178842      0.0754384    0.000343244      0.0331231
        11.1586       0.169728        26.7805        42.8488        0.79308         0.1412     0.00355621      0.0179486      0.0751739    0.000361544       0.033306
         11.916       0.169557        28.5985        45.7576        0.79572       0.142204     0.00364095      0.0180192      0.0749106    0.000379891      0.0334793
         12.725       0.169387        30.5399        48.8639       0.798501       0.143188     0.00372346      0.0180963      0.0746482    0.000398255      0.0336444
        13.5888       0.169216        32.6131         52.181        0.80143       0.144156     0.00380393      0.0181798      0.0743865    0.000416617      0.0338024
        14.5113       0.169045         34.827        55.7232        0.80451       0.145112     0.00388254        0.01827      0.0741252    0.000434963      0.0339546
        15.4964       0.168874        37.1912         59.506       0.807747       0.146061     0.00395949      0.0183671      0.0738642    0.000453283      0.0341018
        16.5483       0.168704         39.716        63.5455       0.811145       0.147005     0.00403496      0.0184711      0.0736033    0.000471576      0.0342451
        17.6717       0.168533        42.4121        67.8593       0.814707       0.147946     0.00410916      0.0185823      0.0733423    0.000489843      0.0343851
        18.8713       0.168362        45.2912        72.4659       0.818436       0.148888     0.00418224      0.0187008      0.0730812    0.000508091      0.0345225
        20.1524       0.168191        48.3658        77.3852       0.822336       0.149833      0.0042544      0.0188266      0.0728197    0.000526327      0.0346579
        21.5204       0.168021        51.6491        82.6385       0.826408       0.150783     0.00432578      0.0189599      0.0725578    0.000544562      0.0347919
        22.9813        0.16785        55.1552        88.2484       0.830654       0.151739     0.00439653      0.0191007      0.0722955     0.00056281      0.0349249
        24.5414       0.167679        58.8994        94.2391       0.835073       0.152703     0.00446678      0.0192491      0.0720326    0.000581083      0.0350572
        26.2074       0.167508        62.8978        100.636       0.839665       0.153676     0.00453665      0.0194051      0.0717692    0.000599392      0.0351892
        27.9865       0.167338        67.1676        107.468       0.844427       0.154658     0.00460624      0.0195686      0.0715052     0.00061775       0.035321
        29.8863       0.167167        71.7272        114.764       0.849357       0.155651     0.00467562      0.0197394      0.0712405    0.000636164      0.0354528
        31.9152       0.166996        76.5964        122.554       0.854449       0.156653     0.00474483      0.0199175      0.0709753    0.000654641      0.0355847
        34.0817       0.166825        81.7961        130.874       0.859697       0.157666     0.00481393      0.0201027      0.0707096    0.000673183      0.0357165
        36.3953       0.166654        87.3488        139.758       0.865092       0.158689      0.0048829      0.0202945      0.0704434    0.000691789      0.0358483
         38.866       0.166484        93.2785        149.246       0.870625        0.15972     0.00495173      0.0204926      0.0701767     0.00071045      0.0359798
        41.5044       0.166313        99.6106        159.377       0.876283       0.160758     0.00502038      0.0206965      0.0699098    0.000729153      0.0361108
        44.3219       0.166142        106.373        170.196       0.882052       0.161802     0.00508876      0.0209058      0.0696427    0.000747878      0.0362408
        47.3307       0.165971        113.594         181.75       0.887916        0.16285     0.00515677      0.0211196      0.0693756    0.000766598      0.0363696
        50.5438       0.165801        121.305        194.088       0.893857         0.1639     0.00522428      0.0213373      0.0691086    0.000785279      0.0364964
        53.9749        0.16563         129.54        207.264       0.899854       0.164948     0.00529111       0.021558      0.0688419    0.000803879      0.0366209
         57.639       0.165459        138.334        221.334       0.905884       0.165992     0.00535708      0.0217808      0.0685758    0.000822345      0.0367423
        61.5518       0.165288        147.724        236.359       0.911923       0.167028     0.00542197      0.0220046      0.0683104     0.00084062      0.0368599
        65.7302       0.165118        157.752        252.404       0.917945       0.168053     0.00548552      0.0222281       0.068046    0.000858637       0.036973
        70.1922       0.164947        168.461        269.538       0.923922       0.169062     0.00554747      0.0224503      0.0677827    0.000876322      0.0370807
        74.9572       0.164776        179.897        287.836       0.929824       0.170053     0.00560753      0.0226699       0.067521    0.000893595      0.0371821
        80.0457       0.164605         192.11        307.375       0.935623       0.171019     0.00566541      0.0228853       0.067261    0.000910372      0.0372765
        85.4795       0.164434        205.151        328.241       0.941287       0.171958     0.00572078      0.0230954       0.067003    0.000926562       0.037363
        91.2823       0.164264        219.077        350.524       0.946787       0.172864     0.00577333      0.0232986      0.0667473    0.000942074      0.0374406
        97.4789       0.164093        233.949        374.319       0.952092       0.173733     0.00582277      0.0234937       0.066494    0.000956817      0.0375087
        104.096       0.163922        249.831         399.73       0.957175       0.174563      0.0058688      0.0236792      0.0662434    0.000970703      0.0375664
        111.163       0.163751        266.791        426.865       0.962009       0.175347     0.00591114       0.023854      0.0659958    0.000983647       0.037613
        118.709       0.163581        284.902        455.843        0.96657       0.176084     0.00594955      0.0240168      0.0657512    0.000995572       0.037648
        126.768        0.16341        304.242        486.787       0.970838       0.176771     0.00598382      0.0241667      0.0655099     0.00100641      0.0376709
        135.373       0.163239        324.895        519.833       0.974796       0.177405     0.00601381      0.0243029      0.0652719     0.00101611      0.0376814
        144.563       0.163068        346.951        555.121       0.978431       0.177985      0.0060394      0.0244247      0.0650373     0.00102463      0.0376792
        154.376       0.162898        370.504        592.806       0.981736       0.178509     0.00606053      0.0245317      0.0648061     0.00103195      0.0376643
        164.856       0.162727        395.655        633.048       0.984709       0.178978     0.00607723      0.0246238      0.0645782     0.00103806      0.0376368
        176.047       0.162556        422.514        676.022       0.987351       0.179392     0.00608954       0.024701      0.0643537     0.00104297      0.0375971
        187.998       0.162385        451.196        721.914        0.98967       0.179753     0.00609762      0.0247635      0.0641324     0.00104671      0.0375455
        200.761       0.162215        481.825        770.921       0.991679       0.180063     0.00610163      0.0248121       0.063914     0.00104933      0.0374826
        214.389       0.162044        514.534        823.254       0.993396       0.180325     0.00610182      0.0248473      0.0636985     0.00105088      0.0374091
        228.943       0.161873        549.463        879.141       0.994839       0.180541     0.00609846      0.0248702      0.0634856     0.00105144      0.0373259
        244.485       0.161702        586.763        938.821       0.996034       0.180716     0.00609186      0.0248817       0.063275      0.0010511      0.0372338
        261.081       0.161531        626.595        1002.55       0.997007       0.180854     0.00608236       0.024883      0.0630664     0.00104994      0.0371339
        278.805       0.161361        669.131        1070.61       0.997783        0.18096     0.00607029      0.0248755      0.0628597     0.00104805      0.0370269
        297.731        0.16119        714.555        1143.29       0.998392       0.181037     0.00605601      0.0248601      0.0626545     0.00104554      0.0369141
        317.943       0.161019        763.062         1220.9       0.998858        0.18109     0.00603983      0.0248383      0.0624505     0.00104249      0.0367961
        339.526       0.160848        814.862        1303.78       0.999208       0.181122     0.00602207       0.024811      0.0622476       0.001039       0.036674
        362.575       0.160678        870.179        1392.29       0.999464       0.181138     0.00600301      0.0247794      0.0620454     0.00103513      0.0365485
        387.188       0.160507        929.251         1486.8       0.999647       0.181141     0.00598291      0.0247443      0.0618439     0.00103096      0.0364202
        413.472       0.160336        992.333        1587.73       0.999774       0.181133     0.00596198      0.0247065      0.0616428     0.00102655      0.0362899
         441.54       0.160165         1059.7        1695.51       0.999859       0.181117     0.00594041      0.0246667      0.0614421     0.00102195      0.0361579
        471.514       0.159995        1131.63        1810.61       0.999915       0.181095     0.00591833      0.0246254      0.0612415      0.0010172      0.0360247
        503.523       0.159824        1208.45        1933.53       0.999951       0.181068     0.00589586      0.0245829      0.0610411     0.00101234      0.0358906
        537.704       0.159653        1290.49        2064.78       0.999972       0.181037      0.0058731      0.0245397      0.0608408     0.00100738      0.0357558
        574.206       0.159482        1378.09        2204.95       0.999985       0.181003     0.00585009      0.0244958      0.0606404     0.00100236      0.0356205
        613.186       0.159311        1471.65        2354.63       0.999992       0.180966     0.00582689      0.0244514      0.0604401    0.000997274      0.0354848
        654.812       0.159141        1571.55        2514.48       0.999996       0.180928     0.00580353      0.0244068      0.0602398    0.000992137      0.0353488
        699.263        0.15897        1678.23        2685.17       0.999998       0.180888     0.00578002      0.0243618      0.0600394    0.000986955      0.0352126
        746.732       0.158799        1792.16        2867.45       0.999999       0.180846     0.00575637      0.0243165       0.059839    0.000981729       0.035076
        797.424       0.158628        1913.82        3062.11              1       0.180803     0.00573259       0.024271      0.0596385    0.000976463      0.0349393
        851.557       0.158458        2043.74        3269.98              1       0.180758     0.00570869      0.0242253       0.059438    0.000971158      0.0348023
        909.365       0.158287        2182.47        3491.96              1       0.180711     0.00568467      0.0241794      0.0592375    0.000965814      0.0346652
        971.096       0.158116        2330.63        3729.01              1       0.180663     0.00566052      0.0241332      0.0590369    0.000960433      0.0345279
        1037.02       0.157945        2488.85        3982.15              1       0.180613     0.00563627      0.0240869      0.0588363    0.000955018      0.0343903
        1107.42       0.157775         2657.8        4252.48              1       0.180562      0.0056119      0.0240403      0.0586356     0.00094957      0.0342526
        1182.59       0.157604        2838.22        4541.16              1       0.180509     0.00558743      0.0239935       0.058435    0.000944092      0.0341148
        1262.87       0.157433         3030.9        4849.43              1       0.180455     0.00556287      0.0239464      0.0582342    0.000938588      0.0339767
         1348.6       0.157262        3236.65        5178.63              1       0.180399     0.00553823      0.0238992      0.0580335    0.000933062      0.0338386
        1440.15       0.157091        3456.36        5530.18              1       0.180342     0.00551352      0.0238517      0.0578327    0.000927518      0.0337004
        1537.92       0.156921           3691         5905.6              1       0.180283     0.00548875       0.023804      0.0576318     0.00092196       0.033562
        1642.32        0.15675        3941.56         6306.5              1       0.180224     0.00546392      0.0237561      0.0574309    0.000916394      0.0334236
        1753.81       0.156579        4209.13        6734.61              1       0.180163     0.00543907       0.023708        0.05723    0.000910824      0.0332851
        1872.86       0.156408        4494.87        7191.79              1       0.180101     0.00541419      0.0236596       0.057029    0.000905253      0.0331466
           2000       0.156238           4800           7680              1       0.180039     0.00538929       0.023611       0.056828    0.000899686      0.0330081
