        dNpi/dy       Vc[fm^3]          K+/pi          Xi/pi         phi/pi           p/pi       Omega/pi      Lambda/pi
       0.662478              3      0.0432079    8.30708e-05      0.0258716       0.059242    1.37148e-06     0.00498535
       0.708276        3.20365      0.0447824    9.23744e-05      0.0258416      0.0591984    1.56815e-06     0.00528741
       0.757297        3.42113      0.0464541     0.00010279      0.0258099       0.059152    1.79649e-06     0.00560823
       0.809774        3.65337      0.0482278    0.000114452      0.0257761      0.0591029    2.06197e-06     0.00594876
       0.865957        3.90138      0.0501084    0.000127509      0.0257404      0.0590507    2.37098e-06     0.00630993
       0.926118        4.16623      0.0521006    0.000142127      0.0257025      0.0589955    2.73104e-06      0.0066927
       0.990547        4.44905       0.054209    0.000158487      0.0256624       0.058937    3.15097e-06     0.00709796
        1.05956        4.75107      0.0564379    0.000176792        0.02562      0.0588751    3.64111e-06     0.00752661
        1.13348         5.0736      0.0587914    0.000197262      0.0255753      0.0588098    4.21355e-06     0.00797945
        1.21269        5.41802      0.0612731    0.000220137       0.025528      0.0587408    4.88239e-06     0.00845721
        1.29756        5.78582      0.0638861     0.00024568      0.0254783      0.0586682    5.66408e-06     0.00896054
        1.38852        6.17858      0.0666326    0.000274173       0.025426      0.0585918    6.57772e-06     0.00948993
        1.48602        6.59801       0.069514    0.000305917      0.0253712      0.0585117    7.64538e-06      0.0100457
        1.59053        7.04592      0.0725305    0.000341234      0.0253137      0.0584277    8.89254e-06      0.0106279
        1.70258        7.52423      0.0756811    0.000380459      0.0252537        0.05834    1.03484e-05      0.0112365
        1.82271        8.03501      0.0789629    0.000423943      0.0251912      0.0582485    1.20464e-05       0.011871
        1.95153        8.58046      0.0823716    0.000472042      0.0251262      0.0581535    1.40242e-05      0.0125306
        2.08966        9.16294      0.0859007    0.000525113      0.0250589       0.058055    1.63246e-05      0.0132141
        2.23777        9.78496      0.0895413    0.000583505      0.0249895      0.0579533    1.89951e-05        0.01392
        2.39659        10.4492      0.0932823     0.00064755      0.0249181      0.0578488    2.20883e-05      0.0146461
        2.56688        11.1586      0.0971099    0.000717551      0.0248451      0.0577417    2.56618e-05        0.01539
        2.74945         11.916       0.101008    0.000793766      0.0247706      0.0576325    2.97781e-05      0.0161485
        2.94515         12.725       0.104957    0.000876392      0.0246952      0.0575218    3.45034e-05       0.016918
        3.15489        13.5888       0.108936    0.000965557      0.0246191      0.0574102    3.99074e-05      0.0176946
        3.37963        14.5113       0.112921     0.00106129      0.0245429      0.0572982    4.60614e-05      0.0184737
        3.62036        15.4964       0.116887     0.00116353       0.024467      0.0571866    5.30371e-05      0.0192505
        3.87814        16.5483       0.120809     0.00127207      0.0243919       0.057076    6.09045e-05      0.0200199
        4.15409        17.6717       0.124658      0.0013866      0.0243182      0.0569674    6.97291e-05      0.0207768
        4.44938        18.8713       0.128409     0.00150668      0.0242462      0.0568613    7.95699e-05      0.0215161
        4.76524        20.1524       0.132036     0.00163171      0.0241766      0.0567586    9.04759e-05      0.0222329
        5.10298        21.5204       0.135518     0.00176101      0.0241097      0.0566597    0.000102484      0.0229226
        5.46399        22.9813       0.138834     0.00189376      0.0240459      0.0565654    0.000115616      0.0235815
        5.84974        24.5414       0.141968     0.00202908      0.0239856       0.056476    0.000129875      0.0242064
        6.26179        26.2074        0.14491     0.00216602      0.0239289      0.0563918    0.000145248      0.0247948
        6.70184        27.9865       0.147653      0.0023036      0.0238759      0.0563132    0.000161699      0.0253452
        7.17168        29.8863       0.150194     0.00244087      0.0238268      0.0562401    0.000179175      0.0258572
        7.67326        31.9152       0.152535      0.0025769      0.0237815      0.0561726    0.000197601      0.0263308
        8.20866        34.0817       0.154683     0.00271084      0.0237399      0.0561104    0.000216884      0.0267671
        8.78014        36.3953       0.156646     0.00284192      0.0237018      0.0560534     0.00023692      0.0271677
         9.3901         38.866       0.158437     0.00296949       0.023667      0.0560013    0.000257587      0.0275346
        10.0411        41.5044       0.160068     0.00309301      0.0236352      0.0559536    0.000278759      0.0278703
        10.7361        44.3219       0.161553     0.00321206      0.0236063        0.05591    0.000300302      0.0281772
        11.4778        47.3307       0.162906     0.00332633      0.0235799      0.0558702    0.000322082      0.0284579
        12.2697        50.5438        0.16414     0.00343564      0.0235557      0.0558338    0.000343966       0.028715
         13.115        53.9749       0.165268     0.00353987      0.0235337      0.0558004    0.000365828      0.0289507
        14.0175         57.639         0.1663     0.00363901      0.0235134      0.0557698    0.000387548      0.0291672
         14.981        61.5518       0.167247     0.00373309      0.0234949      0.0557417     0.00040902      0.0293665
        16.0097        65.7302       0.168118     0.00382222      0.0234778      0.0557157    0.000430145      0.0295502
        17.1082        70.1922        0.16892     0.00390652       0.023462      0.0556917    0.000450839      0.0297199
         18.281        74.9572        0.16966     0.00398615      0.0234474      0.0556696    0.000471031      0.0298768
        19.5333        80.0457       0.170344     0.00406129       0.023434      0.0556491    0.000490662      0.0300221
        20.8705        85.4795       0.170977     0.00413213      0.0234215      0.0556301    0.000509685      0.0301568
        22.2984        91.2823       0.171563     0.00419886      0.0234099      0.0556125    0.000528064      0.0302819
        23.8232        97.4789       0.172107     0.00426169      0.0233992      0.0555961    0.000545773       0.030398
        25.4514        104.096       0.172612      0.0043208      0.0233893      0.0555809    0.000562794       0.030506
          27.19        111.163       0.173081     0.00437639        0.02338      0.0555668    0.000579119      0.0306064
        29.0465        118.709       0.173517     0.00442865      0.0233714      0.0555536    0.000594746      0.0306998
        31.0291        126.768       0.173923     0.00447776      0.0233634      0.0555413    0.000609677      0.0307868
        33.1462        135.373         0.1743     0.00452389      0.0233559      0.0555299    0.000623919      0.0308679
        35.4069        144.563       0.174651     0.00456722       0.023349      0.0555193    0.000637486      0.0309434
        37.8211        154.376       0.174978     0.00460789      0.0233425      0.0555094    0.000650391      0.0310138
        40.3991        164.856       0.175283     0.00464608      0.0233365      0.0555002    0.000662652      0.0310795
        43.1521        176.047       0.175567     0.00468191      0.0233309      0.0554916    0.000674287      0.0311407
        46.0919        187.998       0.175832     0.00471553      0.0233256      0.0554835    0.000685319      0.0311979
        49.2312        200.761        0.17608     0.00474707      0.0233207       0.055476    0.000695768      0.0312512
        52.5837        214.389        0.17631     0.00477666      0.0233162       0.055469    0.000705657       0.031301
        56.1637        228.943       0.176526     0.00480441      0.0233119      0.0554625    0.000715008      0.0313475
        59.9867        244.485       0.176726     0.00483043      0.0233079      0.0554564    0.000723844       0.031391
        64.0691        261.081       0.176914     0.00485483      0.0233042      0.0554507    0.000732189      0.0314315
        68.4287        278.805       0.177089     0.00487771      0.0233007      0.0554453    0.000740065      0.0314694
        73.0843        297.731       0.177253     0.00489916      0.0232975      0.0554404    0.000747493      0.0315049
        78.0558        317.943       0.177406     0.00491926      0.0232945      0.0554357    0.000754497       0.031538
        83.3648        339.526       0.177548     0.00493811      0.0232916      0.0554314    0.000761096      0.0315689
        89.0342        362.575       0.177682     0.00495577       0.023289      0.0554273    0.000767312      0.0315978
        95.0885        387.188       0.177807     0.00497232      0.0232865      0.0554235    0.000773165      0.0316249
        101.554        413.472       0.177923     0.00498783      0.0232842      0.0554199    0.000778673      0.0316502
        108.458         441.54       0.178032     0.00500237       0.023282      0.0554166    0.000783856      0.0316738
        115.831        471.514       0.178134     0.00501599        0.02328      0.0554135     0.00078873      0.0316959
        123.704        503.523       0.178229     0.00502875      0.0232781      0.0554106    0.000793313      0.0317166
        132.112        537.704       0.178319     0.00504071      0.0232763      0.0554079    0.000797621      0.0317359
         141.09        574.206       0.178402     0.00505192      0.0232747      0.0554054     0.00080167       0.031754
        150.678        613.186        0.17848     0.00506241      0.0232731       0.055403    0.000805474      0.0317709
        160.917        654.812       0.178553     0.00507225      0.0232717      0.0554008    0.000809047      0.0317868
        171.851        699.263       0.178621     0.00508146      0.0232703      0.0553987    0.000812403      0.0318016
        183.527        746.732       0.178685     0.00509009      0.0232691      0.0553967    0.000815554      0.0318155
        195.995        797.424       0.178745     0.00509818      0.0232679      0.0553949    0.000818512      0.0318284
        209.311        851.557         0.1788     0.00510576      0.0232668      0.0553932    0.000821289      0.0318406
         223.53        909.365       0.178853     0.00511285      0.0232658      0.0553916    0.000823896      0.0318519
        238.714        971.096       0.178902      0.0051195      0.0232648      0.0553901    0.000826342      0.0318626
        254.929        1037.02       0.178947     0.00512573      0.0232639      0.0553887    0.000828636      0.0318725
        272.245        1107.42        0.17899     0.00513156       0.023263      0.0553874    0.000830789      0.0318818
        290.736        1182.59        0.17903     0.00513702      0.0232622      0.0553862    0.000832807      0.0318906
        310.482        1262.87       0.179068     0.00514213      0.0232615       0.055385    0.000834698      0.0318987
        331.569         1348.6       0.179103     0.00514691      0.0232608       0.055384     0.00083647      0.0319063
        354.088        1440.15       0.179136     0.00515139      0.0232601       0.055383     0.00083813      0.0319135
        378.135        1537.92       0.179166     0.00515557      0.0232595       0.055382    0.000839684      0.0319201
        403.815        1642.32       0.179195     0.00515949       0.023259      0.0553812     0.00084114      0.0319264
        431.237        1753.81       0.179222     0.00516316      0.0232584      0.0553803    0.000842504      0.0319322
        460.522        1872.86       0.179247     0.00516659      0.0232579      0.0553796    0.000843784      0.0319376
        491.794           2000        0.17927     0.00516982      0.0232575      0.0553789    0.000844986      0.0319428
