        dNpi/dy       Tch[MeV]     dVdy[fm^3]       Vc[fm^3]         gammaS          K+/pi          Xi/pi         phi/pi           p/pi       Omega/pi      Lambda/pi
              3       0.173144            7.2            7.2       0.762394       0.145716      0.0048261      0.0169256      0.0787514    0.000714975      0.0369392
        3.20365       0.172973        7.68877        7.68877       0.763213       0.145831     0.00482023      0.0169381      0.0785452    0.000713934      0.0368664
        3.42113       0.172802        8.21072        8.21072       0.764084       0.145954     0.00481491      0.0169526      0.0783382    0.000713019      0.0367955
        3.65337       0.172631         8.7681         8.7681       0.765011       0.146085     0.00481017      0.0169692      0.0781305    0.000712239      0.0367266
        3.90138       0.172461        9.36332        9.36332       0.765997       0.146226     0.00480604      0.0169879      0.0779221      0.0007116      0.0366599
        4.16623        0.17229        9.99894        9.99894       0.767045       0.146377     0.00480256      0.0170089      0.0777128    0.000711112      0.0365954
        4.44905       0.172119        10.6777        10.6777       0.768159       0.146538     0.00479976      0.0170324      0.0775027    0.000710782      0.0365333
        4.75107       0.171948        11.4026        11.4026       0.769342        0.14671     0.00479769      0.0170585      0.0772918    0.000710619      0.0364737
         5.0736       0.171777        12.1766        12.1766         0.7706       0.146894     0.00479638      0.0170873        0.07708    0.000710634      0.0364168
        5.41802       0.171607        13.0032        13.0032       0.771935        0.14709     0.00479588       0.017119      0.0768672    0.000710835      0.0363627
        5.78582       0.171436         13.886         13.886       0.773352       0.147299     0.00479623      0.0171539      0.0766535    0.000711233      0.0363116
        6.17858       0.171265        14.8286        14.8286       0.774856       0.147522     0.00479747       0.017192      0.0764389    0.000711838      0.0362635
        6.59801       0.171094        15.8352        15.8352       0.776451       0.147759     0.00479966      0.0172336      0.0762231    0.000712662      0.0362187
        7.04592       0.170924        16.9102        16.9102       0.778142       0.148012     0.00480284      0.0172788      0.0760064    0.000713716      0.0361773
        7.52423       0.170753        18.0581        18.0581       0.779933        0.14828     0.00480706      0.0173278      0.0757885    0.000715013      0.0361395
        8.03501       0.170582         19.284         19.284        0.78183       0.148566     0.00481237      0.0173809      0.0755695    0.000716565      0.0361054
        8.58046       0.170411        20.5931        20.5931       0.783838       0.148869     0.00481883      0.0174383      0.0753494    0.000718384      0.0360751
        9.16294       0.170241        21.9911        21.9911       0.785961        0.14919     0.00482649      0.0175002       0.075128    0.000720484       0.036049
        9.78496        0.17007        23.4839        23.4839       0.788206       0.149531      0.0048354      0.0175667      0.0749054    0.000722879       0.036027
        10.4492       0.169899        25.0781        25.0781       0.790577       0.149892     0.00484562      0.0176382      0.0746815    0.000725582      0.0360094
        11.1586       0.169728        26.7805        26.7805        0.79308       0.150274     0.00485721      0.0177148      0.0744563    0.000728608      0.0359964
         11.916       0.169557        28.5985        28.5985        0.79572       0.150677      0.0048702      0.0177968      0.0742297    0.000731971       0.035988
         12.725       0.169387        30.5399        30.5399       0.798501       0.151104     0.00488467      0.0178844      0.0740018    0.000735686      0.0359844
        13.5888       0.169216        32.6131        32.6131        0.80143       0.151553     0.00490066      0.0179779      0.0737724    0.000739766      0.0359858
        14.5113       0.169045         34.827         34.827        0.80451       0.152027     0.00491823      0.0180774      0.0735416    0.000744227      0.0359923
        15.4964       0.168874        37.1912        37.1912       0.807747       0.152526     0.00493741      0.0181831      0.0733094    0.000749082      0.0360039
        16.5483       0.168704         39.716         39.716       0.811145        0.15305     0.00495826      0.0182954      0.0730756    0.000754344      0.0360209
        17.6717       0.168533        42.4121        42.4121       0.814707         0.1536     0.00498082      0.0184143      0.0728404    0.000760027      0.0360432
        18.8713       0.168362        45.2912        45.2912       0.818436       0.154177     0.00500512        0.01854      0.0726037    0.000766143      0.0360709
        20.1524       0.168191        48.3658        48.3658       0.822336       0.154781     0.00503119      0.0186727      0.0723655    0.000772703      0.0361041
        21.5204       0.168021        51.6491        51.6491       0.826408       0.155412     0.00505905      0.0188126      0.0721258    0.000779715      0.0361427
        22.9813        0.16785        55.1552        55.1552       0.830654        0.15607     0.00508872      0.0189596      0.0718846    0.000787189      0.0361867
        24.5414       0.167679        58.8994        58.8994       0.835073       0.156756     0.00512019       0.019114      0.0716419    0.000795129       0.036236
        26.2074       0.167508        62.8978        62.8978       0.839665       0.157469     0.00515346      0.0192756      0.0713979    0.000803538      0.0362905
        27.9865       0.167338        67.1676        67.1676       0.844427       0.158208     0.00518851      0.0194445      0.0711524    0.000812417      0.0363501
        29.8863       0.167167        71.7272        71.7272       0.849357       0.158974      0.0052253      0.0196206      0.0709057    0.000821762      0.0364146
        31.9152       0.166996        76.5964        76.5964       0.854449       0.159764     0.00526377      0.0198037      0.0706577    0.000831566      0.0364836
        34.0817       0.166825        81.7961        81.7961       0.859697       0.160579     0.00530386      0.0199936      0.0704085    0.000841817      0.0365568
        36.3953       0.166654        87.3488        87.3488       0.865092       0.161417     0.00534547      0.0201901      0.0701583    0.000852499       0.036634
         38.866       0.166484        93.2785        93.2785       0.870625       0.162276     0.00538848      0.0203928      0.0699072    0.000863588      0.0367146
        41.5044       0.166313        99.6106        99.6106       0.876283       0.163154     0.00543277      0.0206012      0.0696552    0.000875057      0.0367981
        44.3219       0.166142        106.373        106.373       0.882052       0.164048     0.00547818      0.0208147      0.0694026    0.000886871       0.036884
        47.3307       0.165971        113.594        113.594       0.887916       0.164957     0.00552451      0.0210328      0.0691495    0.000898988      0.0369716
        50.5438       0.165801        121.305        121.305       0.893857       0.165876     0.00557157      0.0212546       0.068896    0.000911359      0.0370602
        53.9749        0.16563         129.54         129.54       0.899854       0.166804      0.0056191      0.0214794      0.0686425    0.000923926       0.037149
         57.639       0.165459        138.334        138.334       0.905884       0.167735     0.00566686      0.0217061       0.068389    0.000936626      0.0372373
        61.5518       0.165288        147.724        147.724       0.911923       0.168667     0.00571456      0.0219337      0.0681359    0.000949386      0.0373241
        65.7302       0.165118        157.752        157.752       0.917945       0.169595     0.00576189      0.0221611      0.0678832    0.000962128      0.0374085
        70.1922       0.164947        168.461        168.461       0.923922       0.170515     0.00580852      0.0223871      0.0676314    0.000974765      0.0374895
        74.9572       0.164776        179.897        179.897       0.929824       0.171421     0.00585412      0.0226102      0.0673807    0.000987206      0.0375662
        80.0457       0.164605         192.11         192.11       0.935623        0.17231     0.00589833      0.0228293      0.0671312    0.000999355      0.0376376
        85.4795       0.164434        205.151        205.151       0.941287       0.173176     0.00594079      0.0230429      0.0668832     0.00101111      0.0377026
        91.2823       0.164264        219.077        219.077       0.946787       0.174015     0.00598116      0.0232495      0.0666371     0.00102238      0.0377603
        97.4789       0.164093        233.949        233.949       0.952092       0.174822     0.00601907      0.0234479      0.0663929     0.00103306      0.0378098
        104.096       0.163922        249.831        249.831       0.957175       0.175592     0.00605419      0.0236366      0.0661509     0.00104304      0.0378502
        111.163       0.163751        266.791        266.791       0.962009       0.176323     0.00608622      0.0238144      0.0659114     0.00105225      0.0378806
        118.709       0.163581        284.902        284.902        0.96657       0.177009     0.00611488      0.0239802      0.0656745      0.0010606      0.0379005
        126.768        0.16341        304.242        304.242       0.970838       0.177648     0.00613992      0.0241329      0.0654403     0.00106801      0.0379093
        135.373       0.163239        324.895        324.895       0.974796       0.178237     0.00616117      0.0242717      0.0652089     0.00107442      0.0379064
        144.563       0.163068        346.951        346.951       0.978431       0.178774     0.00617848       0.024396      0.0649803      0.0010798      0.0378917
        154.376       0.162898        370.504        370.504       0.981736       0.179259     0.00619177      0.0245054      0.0647547     0.00108411      0.0378651
        164.856       0.162727        395.655        395.655       0.984709        0.17969     0.00620104      0.0245997       0.064532     0.00108734      0.0378265
        176.047       0.162556        422.514        422.514       0.987351       0.180068     0.00620632      0.0246789      0.0643121      0.0010895      0.0377763
        187.998       0.162385        451.196        451.196        0.98967       0.180395     0.00620773      0.0247433      0.0640949     0.00109062      0.0377148
        200.761       0.162215        481.825        481.825       0.991679       0.180672     0.00620543      0.0247935      0.0638802     0.00109073      0.0376425
        214.389       0.162044        514.534        514.534       0.993396       0.180902     0.00619964      0.0248303       0.063668     0.00108991      0.0375601
        228.943       0.161873        549.463        549.463       0.994839       0.181089     0.00619062      0.0248545       0.063458     0.00108821      0.0374684
        244.485       0.161702        586.763        586.763       0.996034       0.181236     0.00617868      0.0248673        0.06325     0.00108572      0.0373683
        261.081       0.161531        626.595        626.595       0.997007       0.181347     0.00616412      0.0248698      0.0630437     0.00108252      0.0372607
        278.805       0.161361        669.131        669.131       0.997783       0.181426     0.00614727      0.0248632      0.0628389     0.00107871      0.0371466
        297.731        0.16119        714.555        714.555       0.998392       0.181479     0.00612848      0.0248488      0.0626354     0.00107438      0.0370268
        317.943       0.161019        763.062        763.062       0.998858       0.181508     0.00610804      0.0248278       0.062433     0.00106961      0.0369024
        339.526       0.160848        814.862        814.862       0.999208       0.181518     0.00608627      0.0248012      0.0622314     0.00106449      0.0367741
        362.575       0.160678        870.179        870.179       0.999464       0.181513     0.00606343      0.0247703      0.0620305     0.00105909      0.0366427
        387.188       0.160507        929.251        929.251       0.999647       0.181495     0.00603975      0.0247358        0.06183     0.00105348       0.036509
        413.472       0.160336        992.333        992.333       0.999774       0.181468     0.00601545      0.0246986      0.0616299      0.0010477      0.0363734
         441.54       0.160165         1059.7         1059.7       0.999859       0.181433     0.00599068      0.0246593        0.06143     0.00104181      0.0362365
        471.514       0.159995        1131.63        1131.63       0.999915       0.181393     0.00596559      0.0246184      0.0612302     0.00103585      0.0360986
        503.523       0.159824        1208.45        1208.45       0.999951       0.181349     0.00594027      0.0245764      0.0610305     0.00102984      0.0359601
        537.704       0.159653        1290.49        1290.49       0.999972       0.181303      0.0059148      0.0245335      0.0608309      0.0010238      0.0358211
        574.206       0.159482        1378.09        1378.09       0.999985       0.181253     0.00588924        0.02449      0.0606312     0.00101774      0.0356818
        613.186       0.159311        1471.65        1471.65       0.999992       0.181203     0.00586361       0.024446      0.0604315     0.00101168      0.0355423
        654.812       0.159141        1571.55        1571.55       0.999996       0.181151     0.00583796      0.0244017      0.0602317     0.00100563      0.0354028
        699.263        0.15897        1678.23        1678.23       0.999998       0.181098     0.00581229       0.024357      0.0600318    0.000999584      0.0352631
        746.732       0.158799        1792.16        1792.16       0.999999       0.181043     0.00578662      0.0243121      0.0598319    0.000993549      0.0351234
        797.424       0.158628        1913.82        1913.82              1       0.180988     0.00576095      0.0242669      0.0596319    0.000987526      0.0349837
        851.557       0.158458        2043.74        2043.74              1       0.180933     0.00573528      0.0242214      0.0594318    0.000981515       0.034844
        909.365       0.158287        2182.47        2182.47              1       0.180876     0.00570961      0.0241757      0.0592317    0.000975519      0.0347043
        971.096       0.158116        2330.63        2330.63              1       0.180818     0.00568396      0.0241298      0.0590315    0.000969536      0.0345646
        1037.02       0.157945        2488.85        2488.85              1        0.18076     0.00565831      0.0240836      0.0588312    0.000963566      0.0344249
        1107.42       0.157775         2657.8         2657.8              1       0.180701     0.00563266      0.0240372      0.0586308    0.000957611      0.0342852
        1182.59       0.157604        2838.22        2838.22              1       0.180641     0.00560703      0.0239906      0.0584304     0.00095167      0.0341455
        1262.87       0.157433         3030.9         3030.9              1        0.18058     0.00558141      0.0239437        0.05823    0.000945744      0.0340058
         1348.6       0.157262        3236.65        3236.65              1       0.180518     0.00555579      0.0238966      0.0580294    0.000939832      0.0338662
        1440.15       0.157091        3456.36        3456.36              1       0.180456     0.00553019      0.0238493      0.0578288    0.000933934      0.0337265
        1537.92       0.156921           3691           3691              1       0.180392     0.00550459      0.0238017      0.0576282    0.000928051      0.0335869
        1642.32        0.15675        3941.56        3941.56              1       0.180328     0.00547901      0.0237539      0.0574275    0.000922182      0.0334473
        1753.81       0.156579        4209.13        4209.13              1       0.180263     0.00545344      0.0237059      0.0572267    0.000916329      0.0333077
        1872.86       0.156408        4494.87        4494.87              1       0.180197     0.00542788      0.0236576      0.0570259     0.00091049      0.0331682
           2000       0.156238           4800           4800              1        0.18013     0.00540234      0.0236091      0.0568251    0.000904666      0.0330287
